== off seed 5 (frame ants plants edible born died gen)
0 0 18 18 0 0 0
9000 41 1227 1878 2 2 0
18000 55 1174 1138 32 18 15
27000 72 1242 1117 62 31 26
36000 93 1114 1003 101 49 35
45000 95 945 845 122 68 37
54000 107 884 804 146 80 45
63000 109 731 732 167 99 45
72000 104 650 626 192 129 39
81000 86 655 627 203 158 30
90000 72 785 815 214 183 28
99000 81 678 754 244 204 32
108000 89 871 826 281 233 36
117000 110 807 833 319 250 38
== away seed 5 (frame ants plants edible born died gen)
0 0 18 18 0 0 0
9000 42 1230 1187 2 1 1
18000 49 1113 1095 23 15 8
27000 65 975 910 48 24 20
36000 86 835 701 88 43 32
45000 88 623 544 125 78 26
54000 124 429 343 185 102 44
63000 188 151 166 273 126 78
72000 247 44 17 367 161 102
81000 162 23 12 385 264 69
90000 7 19 19 385 419 1
99000 2 18 10 385 424 1
108000 0 16 17 385 426 0
117000 0 15 15 385 426 0
== awayd seed 5 (frame ants plants edible born died gen)
0 0 18 18 0 0 0
9000 43 1247 1192 3 1 2
18000 46 1162 1190 15 10 7
27000 45 1136 1068 28 24 10
36000 42 1053 966 46 45 10
45000 50 1051 975 93 84 15
54000 155 881 802 264 150 63
63000 334 398 375 512 219 142
72000 379 54 67 771 433 160
81000 146 35 15 786 681 60
90000 4 30 23 786 823 0
99000 1 19 25 786 826 0
108000 0 17 13 786 827 0
117000 0 15 9 786 827 0
